           1   1.0941543880044430E-003
           2   1.3736211122582988E-003
           3   1.2901232091318141E-003
           4   8.0945676744803271E-004
           5   1.3183658659099416E-003
           6   1.2851246680020494E-003
           7   1.2041615499990225E-003
           8   1.2877270453790558E-003
           9   1.3049635898918716E-003
          10   1.4692061078156258E-003
          11   1.0450229367527939E-003
          12   1.1213061476411674E-003
          13   9.6000064820980443E-004
          14   9.0553214078092654E-004
          15   1.1363476969401855E-003
          16   1.2696469039960724E-003
          17   1.3024125752962305E-003
          18   1.2081694551097037E-003
          19   1.3371699394890400E-003
          20   1.2604150940622881E-003
          21   1.2588773175593725E-003
          22   1.3949999978595353E-003
          23   1.3138177982077101E-003
          24   1.3603516450317746E-003
          25   1.1239328434824124E-003
          26   1.2470717225811106E-003
          27   1.1196360671467149E-003
          28   1.1294640987085179E-003
          29   1.5107671511327713E-003
          30   1.0632793842716393E-003
          31   1.2710475750184792E-003
          32   1.2734614550111881E-003
          33   1.1143272859385233E-003
          34   1.1239463441313567E-003
          35   1.2604555990921962E-003
          36   1.1340094521182400E-003
          37   1.3182045082936529E-003
          38   1.0258985025250978E-003
          39   9.6664373939459264E-004
          40   1.0468805792633589E-003
          41   1.3486305843174575E-003
          42   1.1978416651550992E-003
          43   1.1975942435816407E-003
          44   1.1698721782584958E-003
          45   1.5668771716725336E-003
          46   1.1428843908049340E-003
          47   1.3381617478221944E-003
          48   1.2887955255802262E-003
          49   1.3010651256077465E-003
          50   1.1422148921886907E-003
          51   1.3412809229002352E-003
          52   1.0318066984500729E-003
          53   1.0953295157117499E-003
          54   1.4049245795210324E-003
          55   1.0466745856377334E-003
          56   1.0766503013073733E-003
          57   8.6489724880358320E-004
          58   1.1115588654948213E-003
          59   1.2634754959442100E-003
          60   1.0556007393747061E-003
          61   1.0496467906845814E-003
          62   1.1619836251812385E-003
          63   1.0763214471567904E-003
          64   8.8164970112988915E-004
          65   1.1228793482423692E-003
          66   1.2147562584763423E-003
          67   1.1497943466858673E-003
          68   1.0434502550594241E-003
          69   1.1458107944123535E-003
          70   1.1795543129640761E-003
          71   1.2647785930555032E-003
          72   1.1994874375874708E-003
          73   1.2014419556806795E-003
          74   9.1240335364897306E-004
          75   1.1762223533164963E-003
          76   1.3427171154658524E-003
          77   1.1279647196815110E-003
          78   1.2354337061754373E-003
          79   1.2584335101411097E-003
          80   1.0347964498859346E-003
          81   1.0977312845367362E-003
          82   1.3366971184970231E-003
          83   1.0273530456672087E-003
          84   9.8044249156575467E-004
          85   1.3492237019149655E-003
          86   1.1652913284134444E-003
          87   1.1232843647308796E-003
          88   1.1802625509013847E-003
          89   1.4253715734811601E-003
          90   1.3332114456126112E-003
          91   1.4069003868283851E-003
          92   1.1472802574568326E-003
          93   1.2880940298606999E-003
          94   1.0952989206352076E-003
          95   1.0878437443909740E-003
          96   1.2148241688021155E-003
          97   1.2216889559587359E-003
          98   8.8168417478669205E-004
          99   1.2407733899586337E-003
         100   1.3182782055596275E-003
         101   1.2675082903128305E-003
         102   1.1928128563435747E-003
         103   1.0177726871740322E-003
         104   1.1508838929892428E-003
         105   1.1005725640677586E-003
         106   1.0995353772313260E-003
         107   1.0383194354644991E-003
         108   1.1944492796957325E-003
         109   1.3118850940438424E-003
         110   1.2304521128189379E-003
         111   1.2623820096221291E-003
         112   1.0688384698079524E-003
         113   1.1803435647320302E-003
         114   1.3846119301822591E-003
         115   1.2230458063556284E-003
         116   1.3862767378668287E-003
         117   1.3899048092386626E-003
         118   1.2439264150878788E-003
         119   1.3555001932784151E-003
         120   1.0843334851652752E-003
         121   1.3877607316781413E-003
         122   1.2003386447035583E-003
         123   1.2169112492497519E-003
         124   1.1336508663951311E-003
         125   1.1905597695768301E-003
         126   1.1730531259633509E-003
         127   1.2912481287329818E-003
         128   9.3461948729395338E-004
         129   1.0120534376835051E-003
         130   1.2092266708775886E-003
         131   1.1414429437382849E-003
         132   1.0499382580975514E-003
         133   1.2250135626548993E-003
         134   8.5436489634772709E-004
         135   1.2291964686728890E-003
         136   1.2668909799122584E-003
         137   1.1119495759633758E-003
         138   1.0060677524966017E-003
         139   1.1338285612870265E-003
         140   9.6650319383232168E-004
         141   1.1385085933653498E-003
         142   9.2656443512182274E-004
         143   1.4246859974207803E-003
         144   1.2828272608379763E-003
         145   1.3044744241513715E-003
         146   1.1053753576479499E-003
         147   1.0690441622023222E-003
         148   1.0452496628191364E-003
         149   1.2562801542504551E-003
         150   1.3527133973326080E-003
         151   1.2783489156473770E-003
         152   1.0126014003679284E-003
         153   1.2338578022350489E-003
         154   1.0296666101942326E-003
         155   1.1004216629510151E-003
         156   1.5198583669012505E-003
         157   1.3484680826964983E-003
         158   9.6200031753935296E-004
         159   1.1880870750765663E-003
         160   8.3427113101296917E-004
         161   1.2352598530198035E-003
         162   1.3730281792245795E-003
         163   1.3155006681658920E-003
         164   1.2670765122911678E-003
         165   1.2631246284969821E-003
         166   1.2682486245256617E-003
         167   1.1648623023480164E-003
         168   1.2584024363187162E-003
         169   1.3134210082685065E-003
         170   9.8137822201968192E-004
         171   1.1937192642631313E-003
         172   1.4112464797500133E-003
         173   1.2306785080025012E-003
         174   9.9022354929375234E-004
         175   1.1162753232087882E-003
         176   1.3631727875643383E-003
         177   1.1848661882190043E-003
         178   1.1826466258883024E-003
         179   1.3316956833218272E-003
         180   1.4588403763397394E-003
         181   1.3676129624056075E-003
         182   1.1022257157089583E-003
         183   1.2795731982586005E-003
         184   1.2575039403823055E-003
         185   1.1749377384844657E-003
         186   1.3119424641810809E-003
         187   1.1334565936691782E-003
         188   1.2747790063772600E-003
         189   1.2107420311873774E-003
         190   1.1786953881791759E-003
         191   1.1997607139568876E-003
         192   1.1821594927796733E-003
         193   1.1029398271642905E-003
         194   1.0060106676081039E-003
         195   1.2524053463008433E-003
         196   1.2558145302116993E-003
         197   1.3013577720898564E-003
         198   9.7640602645348001E-004
         199   1.4003810618119514E-003
         200   1.1900784359723112E-003
         201   1.1719068064823955E-003
         202   1.0685692457921678E-003
         203   1.2928086215530585E-003
         204   1.0820213351744349E-003
         205   1.0911158295042705E-003
         206   1.2390025802783884E-003
         207   1.1373202439097280E-003
         208   1.1403665122812164E-003
         209   1.0744370900415655E-003
         210   1.2278623088411403E-003
         211   1.3681425468493765E-003
         212   1.2648115861804922E-003
         213   9.5826431809501768E-004
         214   1.5261876074719441E-003
         215   1.0033866516373604E-003
         216   1.0258678132526605E-003
         217   8.0047912001963951E-004
         218   1.0018622831206930E-003
         219   1.3413202627179232E-003
         220   1.3193997125659435E-003
         221   1.0448436780496389E-003
         222   1.3191985188270678E-003
         223   1.3040538054004071E-003
         224   1.4485813042661490E-003
         225   1.1857068120788810E-003
         226   1.2543825239687933E-003
         227   1.2349595745169157E-003
         228   1.2793526414157633E-003
         229   1.4255137205374546E-003
         230   8.9182138351484336E-004
         231   1.3009840502333503E-003
         232   1.4505010742192411E-003
         233   1.0626879551989532E-003
         234   1.1455002054347335E-003
         235   1.1858111486368931E-003
         236   1.3402419363315512E-003
         237   1.2506634045889224E-003
         238   1.1082867840002540E-003
         239   1.3882287862455893E-003
         240   1.2801609958668441E-003
         241   9.1791785801929654E-004
         242   1.2901767301082055E-003
         243   1.2219482579695488E-003
         244   1.2273640343776900E-003
         245   9.7220681019363981E-004
         246   1.1438206984525892E-003
         247   1.3043229821972486E-003
         248   1.2869321114687138E-003
         249   1.1053787801540290E-003
         250   1.1277686154647728E-003
         251   1.3370627219394693E-003
         252   1.2677737164533554E-003
         253   9.8573645186654925E-004
         254   1.2493148145010684E-003
         255   1.0437767156007730E-003
         256   1.2715156364078478E-003
         257   1.1419560399003469E-003
         258   1.4265897216764010E-003
         259   1.2563525841718202E-003
         260   1.2945390097993646E-003
         261   1.0460483248605364E-003
         262   1.1015464623761501E-003
         263   1.4448053644342622E-003
         264   1.2599177128908841E-003
         265   1.1068083397718384E-003
         266   1.1582409102056832E-003
         267   1.3539330120619939E-003
         268   1.0737456710686705E-003
         269   1.1965532594431900E-003
         270   1.3727095617195072E-003
         271   1.2788802144492787E-003
         272   1.2075722302431482E-003
         273   1.2565419209127609E-003
         274   1.0931638357652691E-003
         275   8.1253776499173489E-004
         276   1.2724886153239082E-003
         277   1.1890824414993672E-003
         278   1.2942736040754447E-003
         279   1.1902228117433907E-003
         280   1.1735340461789567E-003
         281   1.0248251250733976E-003
         282   1.4374379469050381E-003
         283   1.0860067039372451E-003
         284   1.1971468996731720E-003
         285   1.2944477519457522E-003
         286   1.2831816603189605E-003
         287   1.2271198716676658E-003
         288   1.4050924691888852E-003
         289   1.3240126413013070E-003
         290   1.3040627841661410E-003
         291   1.4378823509497980E-003
         292   1.1657144180738687E-003
         293   1.4125588595048091E-003
         294   1.1867098543424251E-003
         295   1.2118938955889792E-003
         296   1.0800418011905428E-003
         297   1.1128437963937069E-003
         298   1.3104064890405156E-003
         299   1.1210046371290662E-003
         300   1.1313240812663955E-003
         301   1.1262577228123205E-003
         302   1.3004360591684382E-003
         303   1.1603008493371407E-003
         304   1.1433485284563492E-003
         305   1.2862544906109164E-003
         306   9.8831713719473111E-004
         307   1.1554754422656239E-003
         308   1.0602444571012140E-003
         309   1.2201631604171349E-003
         310   1.2509449063588217E-003
         311   1.2311940390267596E-003
         312   1.0954328093882382E-003
         313   1.0233789766659969E-003
         314   1.0255052851277063E-003
         315   1.3416640954587969E-003
         316   1.0730145506433208E-003
         317   1.2009632120710289E-003
         318   1.2151417747076126E-003
         319   1.3266778451066581E-003
         320   1.2917178606840552E-003
         321   1.4330779708301559E-003
         322   1.4945698984793513E-003
         323   1.4489474089604175E-003
         324   1.0999024063479326E-003
         325   1.3292518718514871E-003
         326   1.1762788888553717E-003
         327   1.4068701406761564E-003
         328   1.3182740226156760E-003
         329   1.0444905459759235E-003
         330   1.3915577160044873E-003
         331   1.3619605197155342E-003
         332   8.8654218879620158E-004
         333   1.1802849736448769E-003
         334   1.3562302715329961E-003
         335   1.3659145593553697E-003
         336   1.0348639100795625E-003
         337   1.3660185826880012E-003
         338   1.2244636101355478E-003
         339   1.0598787229782092E-003
         340   1.1703710746206739E-003
         341   1.0786050307950983E-003
         342   1.1586706293732565E-003
         343   1.0764258190320744E-003
         344   1.3350097784473644E-003
         345   1.3154726564275838E-003
         346   1.2147001055635314E-003
         347   1.2069996888462295E-003
         348   9.7947225221877094E-004
         349   1.0265310154568444E-003
         350   1.1382487655931138E-003
         351   1.1800386158329992E-003
         352   1.1043792584649354E-003
         353   9.3984485144866983E-004
         354   1.2515340024469872E-003
         355   1.1408229733824598E-003
         356   1.1761852383882470E-003
         357   1.3347642546870698E-003
         358   1.1626494529244785E-003
         359   1.0601131162082094E-003
         360   1.2777696349506058E-003
         361   1.1729548849053739E-003
         362   1.1897472181776096E-003
         363   1.2871291815585962E-003
         364   1.1106469790041411E-003
         365   1.0309758389501591E-003
         366   1.2340396376671471E-003
         367   8.8183508403888661E-004
         368   1.4192614735097646E-003
         369   1.4065120452103788E-003
         370   1.1881231393890185E-003
         371   1.1332309142579010E-003
         372   1.1255514408323251E-003
         373   1.3452419430813288E-003
         374   9.7269312315181856E-004
         375   7.3810793321387629E-004
         376   9.2791298131993571E-004
         377   1.1359727476016152E-003
         378   1.0570466617766188E-003
         379   1.1758029964016859E-003
         380   7.9866516331249455E-004
         381   1.1256446596989318E-003
         382   8.3911884062935044E-004
         383   1.2242971461527250E-003
         384   1.0961390464472641E-003
         385   1.2018073747594360E-003
         386   1.1950892339743120E-003
         387   1.0211446300350802E-003
         388   1.2835605873329759E-003
         389   1.3508875408797885E-003
         390   1.3504434401178302E-003
         391   1.0990945355391164E-003
         392   1.1337070156559196E-003
         393   1.1557118015265058E-003
         394   1.2130427395853696E-003
         395   8.2840073056310163E-004
         396   6.9317785461526160E-004
         397   1.1625327446381367E-003
         398   1.4477323055387499E-003
         399   1.1883703212767617E-003
         400   1.1887491983894321E-003
         401   1.1137401918220515E-003
         402   1.0959897958832780E-003
         403   1.0610377918126080E-003
         404   8.5949269953268786E-004
         405   1.4016872937672789E-003
         406   1.3587448111206115E-003
         407   9.9602602163483727E-004
         408   1.1829648616214423E-003
         409   1.1522961324459552E-003
         410   1.2135594894791492E-003
         411   1.1396686337009469E-003
         412   1.1963368430520126E-003
         413   1.4014682647282256E-003
         414   1.1932913897361353E-003
         415   1.0888804382900416E-003
         416   1.1053904019258634E-003
         417   1.0020503453016911E-003
         418   1.2184653058927369E-003
         419   1.0741563516940757E-003
         420   1.1037110313350683E-003
         421   1.1505685161323077E-003
         422   1.0822318387375580E-003
         423   1.1562367944674150E-003
         424   1.2040097010775235E-003
         425   1.1798473000287275E-003
         426   9.0302051904081763E-004
         427   1.1511027537745380E-003
         428   1.1741540029147146E-003
         429   1.1333120515842753E-003
         430   1.2626780833135066E-003
         431   1.1890246483256827E-003
         432   1.1329150615750560E-003
         433   1.2750021002036537E-003
         434   1.1544275808279953E-003
         435   1.0358300963012510E-003
         436   1.1530300811822720E-003
         437   1.3482961815360049E-003
         438   1.0084052427626212E-003
         439   1.2877089675480389E-003
         440   1.2379729729215150E-003
         441   1.2753225581000735E-003
         442   8.9019567949828043E-004
         443   1.0009657056082523E-003
         444   1.2293619027764484E-003
         445   1.3672273063719692E-003
         446   1.2311126520925277E-003
         447   1.0751574762110580E-003
         448   9.8644163665620411E-004
         449   1.0759046914792154E-003
         450   1.1469798444179858E-003
         451   1.1585175886870437E-003
         452   1.4018000901958733E-003
         453   1.2235888664638437E-003
         454   1.1504182654986882E-003
         455   1.2339420561800812E-003
         456   1.2365312792785486E-003
         457   1.0805151740609855E-003
         458   1.0185370920115604E-003
         459   1.0304656105198629E-003
         460   9.5610883584850532E-004
         461   1.3595646477235705E-003
         462   1.3576702129630596E-003
         463   1.3057274862859659E-003
         464   1.2463447709923291E-003
         465   1.3959775302930467E-003
         466   1.0444501613880090E-003
         467   1.3768436472844016E-003
         468   1.2776823413346240E-003
         469   1.0489418762528633E-003
         470   1.1191698850223336E-003
         471   1.0841524400066406E-003
         472   1.3472249692832242E-003
         473   1.1859962023864517E-003
         474   1.0883864590087405E-003
         475   1.0434648369516777E-003
         476   1.3616548007193794E-003
         477   1.2007303092758516E-003
         478   8.9946283033332821E-004
         479   1.2653541744966192E-003
         480   1.1140420077358085E-003
         481   1.3499217882941754E-003
         482   1.2623863708061843E-003
         483   9.9998558951603397E-004
         484   9.8265889069965354E-004
         485   1.3046759857306251E-003
         486   1.2200343267580382E-003
         487   1.2513453286206392E-003
         488   1.3828285947975827E-003
         489   1.0800001047658705E-003
         490   6.7438306687289315E-004
         491   1.0492667646806334E-003
         492   1.0254753709516761E-003
         493   1.4771209860584540E-003
         494   1.1827637771891603E-003
         495   1.3620920853024310E-003
         496   1.0961030955980488E-003
         497   1.0056557672097164E-003
         498   1.1842749900121601E-003
         499   1.2291721069373339E-003
         500   1.1099314472861185E-003
         501   1.0617988866778593E-003
         502   1.3734753221295321E-003
         503   1.2155085097816567E-003
         504   1.0624777866188127E-003
         505   9.2358604538892428E-004
         506   1.0964111245466029E-003
         507   1.0468136036187858E-003
         508   1.1022375456206449E-003
         509   1.2350011169949243E-003
         510   1.0415256870898559E-003
         511   9.7577354253272207E-004
         512   8.4049862321456412E-004
         513   1.1764004024858398E-003
         514   1.0788756511796865E-003
         515   8.8343107715580437E-004
         516   9.9152822070138315E-004
         517   1.2073272018118511E-003
         518   1.4588881057868122E-003
         519   1.3758314069234391E-003
         520   9.5516780947578310E-004
         521   1.1446963735298580E-003
         522   1.1948747573275376E-003
         523   1.1744984631467084E-003
         524   1.1692739727329172E-003
         525   9.9306321707176093E-004
         526   1.3202503834786870E-003
         527   1.2332844222524874E-003
         528   1.0446916726041613E-003
         529   1.2239697135318971E-003
         530   1.0042964290271398E-003
         531   1.1162351213630090E-003
         532   1.0825953769750629E-003
         533   1.1192200693234402E-003
         534   1.1210651824806099E-003
         535   1.1640574196912577E-003
         536   1.2277063014096143E-003
         537   8.1155996176812760E-004
         538   1.3310192436393723E-003
         539   1.2754522687201076E-003
         540   1.3140217328835573E-003
         541   1.2588985033756572E-003
         542   8.9720398511139530E-004
         543   1.1598619713803142E-003
         544   1.1318740377246530E-003
         545   1.0174233632875371E-003
         546   1.4464713607743379E-003
         547   1.2790404390458196E-003
         548   1.2597636007104179E-003
         549   8.8616521667035024E-004
         550   1.1568822024018246E-003
         551   1.2554173187075582E-003
         552   1.0963507448712817E-003
         553   1.4325311179953855E-003
         554   9.9136485039368972E-004
         555   1.2559248672732353E-003
         556   1.1117955406308459E-003
         557   1.1084667211602283E-003
         558   1.2728058448239279E-003
         559   1.0432276483518914E-003
         560   1.0291282819952870E-003
         561   1.1985594002452533E-003
         562   1.4071721495787259E-003
         563   1.0781208699624193E-003
         564   1.1041570181447820E-003
         565   1.0323856440012909E-003
         566   1.2658836488899446E-003
         567   1.1737986842048592E-003
         568   1.2261203480511383E-003
         569   1.2044616506821744E-003
         570   1.2525484112188793E-003
         571   1.4360642471627453E-003
         572   1.3747573669033550E-003
         573   1.2703106474073857E-003
         574   1.2564061782910235E-003
         575   1.2238520993556839E-003
         576   1.1882640784966648E-003
         577   1.1212084221262782E-003
         578   1.2140295963753186E-003
         579   1.1047804297916425E-003
         580   1.2251407490215867E-003
         581   1.4198147357926368E-003
         582   1.1996394764853141E-003
         583   1.4939694954574177E-003
         584   1.0735355516892544E-003
         585   1.3295223835960990E-003
         586   1.0333372304945486E-003
         587   1.1856504307836359E-003
         588   1.1891363992654529E-003
         589   1.3508467504334072E-003
         590   1.4649611262467128E-003
         591   1.2610122207605337E-003
         592   1.2749395942044301E-003
         593   1.1072583657297371E-003
         594   1.0693535178267868E-003
         595   1.2183691076682894E-003
         596   1.5026283639995347E-003
         597   1.4023528956512957E-003
         598   1.2213791928358819E-003
         599   1.4627111476984464E-003
         600   1.2166108921973832E-003
         601   1.2889596924543581E-003
         602   1.0699896135379554E-003
         603   1.1306950710168965E-003
         604   1.2289502495958298E-003
         605   1.2166991894932992E-003
         606   1.0373380229633166E-003
         607   1.3747666684427507E-003
         608   1.4268352628834609E-003
         609   1.5091772003041461E-003
         610   1.3832830657110498E-003
         611   9.5675201459214428E-004
         612   8.0269144005167784E-004
         613   1.0491796356904956E-003
         614   1.2142286718903202E-003
         615   1.2329065467638122E-003
         616   1.1207366205581808E-003
         617   1.2360263588998539E-003
         618   1.1026807294047050E-003
         619   1.4078264072664550E-003
         620   1.3040218219390481E-003
         621   1.3337398521246976E-003
         622   1.2481633834382248E-003
         623   9.7932117336985624E-004
         624   1.1330537704618766E-003
         625   1.2157785374183384E-003
         626   1.2588580176325808E-003
         627   1.1681239600739098E-003
         628   1.0571995645848337E-003
         629   1.3505409668287112E-003
         630   1.4219888517028618E-003
         631   9.8973704427121937E-004
         632   1.1096222034080319E-003
         633   1.1319880162223221E-003
         634   1.0735038221669508E-003
         635   1.2235440299740526E-003
         636   1.1262802607608451E-003
         637   1.3359905787336138E-003
         638   1.4280485176357974E-003
         639   1.0977920032437462E-003
         640   1.1856372840227853E-003
         641   9.7780615771061053E-004
         642   1.4064302072977956E-003
         643   1.0727348526943866E-003
         644   1.0012857758585523E-003
         645   1.1492309992402910E-003
         646   1.4231870972599159E-003
         647   1.2005966092265210E-003
         648   9.0447729186662190E-004
         649   1.1893483913893779E-003
         650   1.2545965274015647E-003
         651   1.3858819281469615E-003
         652   1.1670702488686098E-003
         653   1.1813502668708089E-003
         654   1.0922627293425415E-003
         655   1.1184668864269252E-003
         656   8.1582107662573353E-004
         657   1.2888935970513792E-003
         658   1.3481967607514298E-003
         659   9.3342129128102852E-004
         660   1.0367503267550780E-003
         661   8.7786117103901700E-004
         662   1.1014069492938585E-003
         663   1.2667047795199243E-003
         664   1.1340407123536997E-003
         665   1.3773933780325146E-003
         666   1.2284675574147251E-003
         667   9.9668942011824448E-004
         668   1.1105245561389098E-003
         669   8.9344792878744573E-004
         670   1.1772519269365996E-003
         671   1.0175276611556878E-003
         672   1.3662729728055917E-003
         673   1.0634305169251142E-003
         674   1.1029228333825725E-003
         675   1.0827005826105466E-003
         676   1.0804496114205303E-003
         677   1.0528341472464029E-003
         678   9.8934083371919352E-004
         679   1.2363508259746099E-003
         680   1.1868405691742626E-003
         681   1.4017311250047765E-003
         682   9.7408780812866479E-004
         683   1.3955911887631872E-003
         684   9.3793891822929049E-004
         685   1.1183686943647673E-003
         686   1.1204589493902550E-003
         687   1.5089294354547146E-003
         688   1.4523480765265659E-003
         689   1.1716934533363354E-003
         690   8.7941489910132607E-004
         691   8.3177264848173515E-004
         692   1.1485628054426667E-003
         693   1.0740135349266431E-003
         694   1.2075243680525352E-003
         695   1.0316252748943093E-003
         696   1.3408010025692462E-003
         697   1.2468860824973416E-003
         698   1.4357780914231477E-003
         699   1.3429177072020889E-003
         700   1.1139489413795319E-003
         701   1.2027288810727407E-003
         702   1.0791721982273484E-003
         703   1.0990922035364606E-003
         704   9.9430832776643981E-004
         705   9.7558555675479077E-004
         706   1.0358700161314000E-003
         707   1.1086581881353829E-003
         708   1.2070152380094744E-003
         709   1.4495055356438956E-003
         710   9.4196288251402504E-004
         711   1.1670212435870718E-003
         712   1.0990743560226426E-003
         713   1.1782958530556214E-003
         714   1.1088438638599983E-003
         715   1.1372407095551062E-003
         716   1.2694416641199197E-003
         717   1.0177185921720878E-003
         718   1.2364378698400235E-003
         719   1.0947302983935361E-003
         720   8.4203624754751536E-004
         721   9.9701545641003885E-004
         722   9.7087301605341394E-004
         723   1.2773700864413559E-003
         724   1.1274658495241271E-003
         725   1.0955849532359977E-003
         726   1.2325228052933520E-003
         727   1.1145537192439356E-003
         728   1.2827136006564597E-003
         729   1.3153278981510744E-003
         730   1.3984799813134242E-003
         731   1.2204705960215364E-003
         732   1.1462857842957457E-003
         733   1.2097518061610982E-003
         734   1.1001997872926543E-003
         735   1.0300994363613993E-003
         736   1.0122685750403630E-003
         737   8.4420701987139178E-004
         738   1.1749874714448625E-003
         739   1.4129617401925597E-003
         740   1.2427875576292470E-003
         741   1.0115792722358930E-003
         742   1.0880561244022474E-003
         743   9.6101466156947634E-004
         744   9.2745603007614742E-004
         745   1.1771190423468213E-003
         746   1.2501035164301769E-003
         747   1.1347667313007315E-003
         748   1.1233400724297742E-003
         749   1.2482945681736289E-003
         750   1.2930986041490796E-003
         751   1.2375745340728456E-003
         752   1.3540548968557216E-003
         753   1.1254843262758906E-003
         754   9.7564126649490055E-004
         755   7.7488142976630202E-004
         756   1.1747165464570041E-003
         757   1.0209656828520201E-003
         758   1.0211109912303137E-003
         759   1.0876409358524855E-003
         760   1.0252867867228067E-003
         761   9.5294060994427434E-004
         762   1.1089456943534663E-003
         763   1.1421946787745548E-003
         764   1.1015761119424719E-003
         765   1.2477109451858020E-003
         766   1.1986626829590780E-003
         767   1.0562000536857466E-003
         768   1.2503908578300772E-003
         769   1.1817399546492529E-003
         770   1.3760588374607710E-003
         771   1.1186131696654376E-003
         772   1.1728229386013299E-003
         773   1.0666418764208629E-003
         774   1.2469414102684144E-003
         775   1.2034573871931324E-003
         776   1.3010793703978004E-003
         777   1.2028763256715161E-003
         778   1.3817738938817373E-003
         779   1.1116579137284022E-003
         780   1.2026137635675581E-003
         781   1.0932477994003899E-003
         782   1.3488145728009276E-003
         783   1.3620129144477509E-003
         784   1.1849996142977754E-003
         785   1.2926385448857635E-003
         786   1.4136538190244869E-003
         787   1.1968441019873206E-003
         788   1.1119068768125418E-003
         789   1.0934444558916144E-003
         790   1.2918358204421540E-003
         791   1.2315213794040930E-003
         792   1.4623712694080541E-003
         793   1.4041409691241753E-003
         794   1.1360009935228634E-003
         795   1.2155613122250316E-003
         796   1.3233286686642359E-003
         797   1.2018940514225088E-003
         798   1.3637126507252567E-003
         799   1.1558605474895143E-003
         800   1.2187407598070489E-003
         801   1.1943611524938944E-003
         802   1.3045721377495029E-003
         803   1.1606586876575114E-003
         804   9.4605757356413980E-004
         805   1.0675837906989163E-003
         806   1.2535412817937304E-003
         807   9.8739417436437618E-004
         808   1.3057479542010276E-003
         809   1.1326796787146972E-003
         810   1.2400215787684657E-003
         811   1.1976916879364622E-003
         812   8.3672584519303749E-004
         813   1.2135284654547554E-003
         814   1.2198509060423943E-003
         815   1.1809748807508559E-003
         816   1.1984663966605345E-003
         817   1.3196635192823153E-003
         818   1.1926204946685461E-003
         819   1.1067628222087059E-003
         820   1.3687567302895145E-003
         821   1.1342569197482562E-003
         822   1.5836207649778491E-003
         823   1.2047526886641419E-003
         824   1.1705709498833522E-003
         825   1.0784989668921482E-003
         826   1.4055437853524087E-003
         827   1.2282481809533575E-003
         828   1.0000027839370163E-003
         829   1.2165737604536259E-003
         830   1.3000020844066216E-003
         831   1.0948679303354268E-003
         832   1.0542366436430053E-003
         833   1.3206371229133528E-003
         834   1.3290350562728524E-003
         835   1.2213554095930729E-003
         836   1.3103622349803412E-003
         837   1.3230090452365933E-003
         838   1.4032665859563167E-003
         839   1.1657707279379712E-003
         840   1.0119934173668398E-003
         841   1.2413821217241068E-003
         842   1.3631016361011559E-003
         843   1.2380372455857182E-003
         844   1.2379802986419099E-003
         845   1.0939844363888277E-003
         846   1.3479001197427302E-003
         847   1.1778900025401033E-003
         848   1.1669815300063846E-003
         849   1.3278311642950080E-003
         850   1.2041121051978667E-003
         851   1.1743596795983000E-003
         852   1.2672647607671777E-003
         853   1.1272832853931917E-003
         854   1.4083409306212644E-003
         855   1.3713167287492814E-003
         856   1.2911739870361282E-003
         857   1.4290919365107671E-003
         858   1.1461779910306093E-003
         859   1.3232055505127940E-003
         860   1.2337741323257794E-003
         861   1.0646247864690719E-003
         862   9.9376578218625736E-004
         863   1.2214017697395282E-003
         864   1.2165515882489428E-003
         865   1.1573914204368806E-003
         866   1.1451046280699154E-003
         867   1.3176702245156051E-003
         868   1.2398887829482398E-003
         869   1.3448727589152015E-003
         870   1.3029062351719671E-003
         871   1.3230249690729310E-003
         872   1.1699472406655771E-003
         873   1.3269885962184941E-003
         874   1.1039486921709384E-003
         875   1.0876964965474310E-003
         876   1.1646101867308788E-003
         877   1.2992934414852268E-003
         878   1.1374536670452709E-003
         879   1.0378323875156420E-003
         880   1.2398966999603786E-003
         881   1.1506899360529551E-003
         882   1.3145564689712530E-003
         883   1.2654014783186128E-003
         884   1.3111081344405287E-003
         885   1.1712476027123456E-003
         886   1.0967176305424504E-003
         887   1.2695991327138193E-003
         888   1.2641769071279323E-003
         889   1.1506948779193438E-003
         890   1.0918685329023758E-003
         891   9.0482517293367459E-004
         892   1.0121357504404821E-003
         893   1.3044809303006276E-003
         894   1.0909888320956326E-003
         895   1.1159736541664421E-003
         896   1.1178541149141083E-003
         897   1.1611608589673667E-003
         898   1.1543842971035003E-003
         899   1.2030572971835382E-003
         900   8.4613013157068919E-004
         901   1.3530493256518859E-003
         902   1.1585692811016681E-003
         903   1.2535619859153960E-003
         904   1.2331666841969987E-003
         905   1.3259611766080325E-003
         906   1.3138574177775880E-003
         907   1.1710705057588354E-003
         908   1.1429974297450928E-003
         909   9.3963891890735181E-004
         910   1.1182113805187745E-003
         911   1.0685392284112459E-003
         912   1.2446416542288359E-003
         913   1.0520628464218422E-003
         914   1.1619829473198181E-003
         915   1.0069952667194320E-003
         916   1.2339452162658741E-003
         917   1.2204277965990192E-003
         918   1.1592217950009188E-003
         919   1.2055010283660631E-003
         920   1.1621162153798523E-003
         921   1.0376280248113618E-003
         922   1.3539484877007767E-003
         923   1.1065601778576916E-003
         924   9.9447315794944134E-004
         925   1.2548355856577787E-003
         926   1.0011032925017099E-003
         927   1.2370537963120240E-003
         928   9.2724208656981718E-004
         929   1.0705126978337082E-003
         930   1.3095323206669142E-003
         931   1.1572985738548887E-003
         932   1.2257783603115057E-003
         933   1.4358536146334957E-003
         934   1.0803103966726400E-003
         935   1.1099262093910262E-003
         936   1.2035863799557415E-003
         937   1.2016366102231999E-003
         938   1.0760596595079254E-003
         939   9.8850892380008323E-004
         940   1.4492527021888692E-003
         941   1.1551306621559406E-003
         942   1.1258618843627271E-003
         943   1.3427448334198402E-003
         944   1.3487420777186629E-003
         945   1.1511924048217173E-003
         946   1.2203703892543938E-003
         947   1.3529188360873520E-003
         948   1.2672102496237359E-003
         949   1.0979771534315181E-003
         950   1.2836058331151161E-003
         951   1.3335990518293687E-003
         952   1.2204980957665292E-003
         953   1.2581327510600840E-003
         954   1.2229703172267150E-003
         955   1.1010367094222144E-003
         956   1.1597759950495304E-003
         957   1.3418772265996874E-003
         958   1.1998440158494013E-003
         959   1.1536245105320793E-003
         960   1.1625485076733346E-003
         961   1.3216208212733815E-003
         962   1.3483146842951921E-003
         963   1.3211808420136638E-003
         964   1.0981047742456816E-003
         965   1.1856262283543111E-003
         966   1.2082780861563550E-003
         967   1.0897359725946533E-003
         968   1.1669124498919861E-003
         969   1.2196590039515291E-003
         970   1.2248153012212638E-003
         971   1.1663748848994245E-003
         972   1.1976825643597818E-003
         973   1.1396016934767305E-003
         974   1.2184452931048053E-003
         975   1.1603151715929645E-003
         976   9.7225549566542873E-004
         977   1.2493920925223862E-003
         978   1.3577529021467462E-003
         979   7.1022467864400468E-004
         980   1.2496603958047467E-003
         981   1.2168062910630226E-003
         982   1.2657529246894576E-003
         983   1.1786031109057861E-003
         984   1.1075204041537470E-003
         985   1.3589185235865933E-003
         986   1.0826980505325384E-003
         987   1.4134097324653317E-003
         988   1.2423402929829692E-003
         989   1.2622602142839947E-003
         990   1.0383668102568549E-003
         991   1.0083710421324886E-003
         992   1.2045415732597068E-003
         993   1.2410189977407585E-003
         994   1.0404778270704487E-003
         995   1.2574862770336479E-003
         996   1.2421873378309369E-003
         997   1.1450930881081616E-003
         998   1.0798625577296932E-003
         999   7.9452853835916863E-004
        1000   1.1816926074738028E-003
