           1   1.09415432E-03
           2   1.37362105E-03
           3   1.29012309E-03
           4   8.09456804E-04
           5   1.31836580E-03
           6   1.28512457E-03
           7   1.20416144E-03
           8   1.28772692E-03
           9   1.30496349E-03
          10   1.46920606E-03
          11   1.04502286E-03
          12   1.12130609E-03
          13   9.60000500E-04
          14   9.05532041E-04
          15   1.13634754E-03
          16   1.26964680E-03
          17   1.30241259E-03
          18   1.20816939E-03
          19   1.33716979E-03
          20   1.26041507E-03
          21   1.25887734E-03
          22   1.39499991E-03
          23   1.31381780E-03
          24   1.36035157E-03
          25   1.12393277E-03
          26   1.24707178E-03
          27   1.11963612E-03
          28   1.12946413E-03
          29   1.51076715E-03
          30   1.06327934E-03
          31   1.27104751E-03
          32   1.27346138E-03
          33   1.11432723E-03
          34   1.12394628E-03
          35   1.26045546E-03
          36   1.13400945E-03
          37   1.31820445E-03
          38   1.02589850E-03
          39   9.66643682E-04
          40   1.04688050E-03
          41   1.34863041E-03
          42   1.19784172E-03
          43   1.19759422E-03
          44   1.16987212E-03
          45   1.56687701E-03
          46   1.14288426E-03
          47   1.33816164E-03
          48   1.28879561E-03
          49   1.30106509E-03
          50   1.14221475E-03
          51   1.34128088E-03
          52   1.03180669E-03
          53   1.09532941E-03
          54   1.40492455E-03
          55   1.04667456E-03
          56   1.07665034E-03
          57   8.64897214E-04
          58   1.11155875E-03
          59   1.26347551E-03
          60   1.05560070E-03
          61   1.04964676E-03
          62   1.16198359E-03
          63   1.07632135E-03
          64   8.81649612E-04
          65   1.12287921E-03
          66   1.21475616E-03
          67   1.14979444E-03
          68   1.04345020E-03
          69   1.14581082E-03
          70   1.17955427E-03
          71   1.26477855E-03
          72   1.19948748E-03
          73   1.20144186E-03
          74   9.12403280E-04
          75   1.17622234E-03
          76   1.34271721E-03
          77   1.12796470E-03
          78   1.23543374E-03
          79   1.25843345E-03
          80   1.03479647E-03
          81   1.09773118E-03
          82   1.33669702E-03
          83   1.02735299E-03
          84   9.80442390E-04
          85   1.34922366E-03
          86   1.16529129E-03
          87   1.12328434E-03
          88   1.18026254E-03
          89   1.42537151E-03
          90   1.33321143E-03
          91   1.40690035E-03
          92   1.14728010E-03
          93   1.28809398E-03
          94   1.09529891E-03
          95   1.08784367E-03
          96   1.21482415E-03
          97   1.22168893E-03
          98   8.81684129E-04
          99   1.24077336E-03
         100   1.31827814E-03
         101   1.26750825E-03
         102   1.19281281E-03
         103   1.01777271E-03
         104   1.15088385E-03
         105   1.10057252E-03
         106   1.09953526E-03
         107   1.03831931E-03
         108   1.19444926E-03
         109   1.31188496E-03
         110   1.23045209E-03
         111   1.26238191E-03
         112   1.06883841E-03
         113   1.18034345E-03
         114   1.38461182E-03
         115   1.22304575E-03
         116   1.38627680E-03
         117   1.38990476E-03
         118   1.24392635E-03
         119   1.35550008E-03
         120   1.08433352E-03
         121   1.38776063E-03
         122   1.20033859E-03
         123   1.21691125E-03
         124   1.13365077E-03
         125   1.19055971E-03
         126   1.17305317E-03
         127   1.29124802E-03
         128   9.34619457E-04
         129   1.01205334E-03
         130   1.20922667E-03
         131   1.14144292E-03
         132   1.04993815E-03
         133   1.22501352E-03
         134   8.54364771E-04
         135   1.22919644E-03
         136   1.26689090E-03
         137   1.11194944E-03
         138   1.00606761E-03
         139   1.13382842E-03
         140   9.66503110E-04
         141   1.13850855E-03
         142   9.26564389E-04
         143   1.42468594E-03
         144   1.28282723E-03
         145   1.30447443E-03
         146   1.10537536E-03
         147   1.06904400E-03
         148   1.04524964E-03
         149   1.25628011E-03
         150   1.35271344E-03
         151   1.27834897E-03
         152   1.01260131E-03
         153   1.23385782E-03
         154   1.02966640E-03
         155   1.10042165E-03
         156   1.51985837E-03
         157   1.34846801E-03
         158   9.62000224E-04
         159   1.18808704E-03
         160   8.34271079E-04
         161   1.23525970E-03
         162   1.37302803E-03
         163   1.31550059E-03
         164   1.26707647E-03
         165   1.26312452E-03
         166   1.26824866E-03
         167   1.16486230E-03
         168   1.25840248E-03
         169   1.31342106E-03
         170   9.81378253E-04
         171   1.19371922E-03
         172   1.41124649E-03
         173   1.23067840E-03
         174   9.90223489E-04
         175   1.11627521E-03
         176   1.36317266E-03
         177   1.18486607E-03
         178   1.18264661E-03
         179   1.33169570E-03
         180   1.45884033E-03
         181   1.36761286E-03
         182   1.10222574E-03
         183   1.27957319E-03
         184   1.25750399E-03
         185   1.17493770E-03
         186   1.31194235E-03
         187   1.13345659E-03
         188   1.27477897E-03
         189   1.21074205E-03
         190   1.17869535E-03
         191   1.19976059E-03
         192   1.18215941E-03
         193   1.10293983E-03
         194   1.00601057E-03
         195   1.25240523E-03
         196   1.25581445E-03
         197   1.30135764E-03
         198   9.76405921E-04
         199   1.40038109E-03
         200   1.19007833E-03
         201   1.17190671E-03
         202   1.06856925E-03
         203   1.29280856E-03
         204   1.08202128E-03
         205   1.09111576E-03
         206   1.23900245E-03
         207   1.13732030E-03
         208   1.14036642E-03
         209   1.07443705E-03
         210   1.22786220E-03
         211   1.36814255E-03
         212   1.26481161E-03
         213   9.58264223E-04
         214   1.52618752E-03
         215   1.00338657E-03
         216   1.02586776E-03
         217   8.00479087E-04
         218   1.00186223E-03
         219   1.34132023E-03
         220   1.31939969E-03
         221   1.04484358E-03
         222   1.31919852E-03
         223   1.30405382E-03
         224   1.44858134E-03
         225   1.18570670E-03
         226   1.25438254E-03
         227   1.23495958E-03
         228   1.27935258E-03
         229   1.42551365E-03
         230   8.91821284E-04
         231   1.30098406E-03
         232   1.45050092E-03
         233   1.06268795E-03
         234   1.14550022E-03
         235   1.18581101E-03
         236   1.34024175E-03
         237   1.25066331E-03
         238   1.10828667E-03
         239   1.38822885E-03
         240   1.28016085E-03
         241   9.17917758E-04
         242   1.29017676E-03
         243   1.22194819E-03
         244   1.22736406E-03
         245   9.72206763E-04
         246   1.14382058E-03
         247   1.30432297E-03
         248   1.28693203E-03
         249   1.10537873E-03
         250   1.12776854E-03
         251   1.33706268E-03
         252   1.26777356E-03
         253   9.85736377E-04
         254   1.24931475E-03
         255   1.04377652E-03
         256   1.27151550E-03
         257   1.14195596E-03
         258   1.42658968E-03
         259   1.25635252E-03
         260   1.29453896E-03
         261   1.04604824E-03
         262   1.10154634E-03
         263   1.44480530E-03
         264   1.25991763E-03
         265   1.10680831E-03
         266   1.15824083E-03
         267   1.35393301E-03
         268   1.07374566E-03
         269   1.19655323E-03
         270   1.37270964E-03
         271   1.27888017E-03
         272   1.20757206E-03
         273   1.25654193E-03
         274   1.09316374E-03
         275   8.12537735E-04
         276   1.27248850E-03
         277   1.18908240E-03
         278   1.29427353E-03
         279   1.19022280E-03
         280   1.17353408E-03
         281   1.02482503E-03
         282   1.43743784E-03
         283   1.08600676E-03
         284   1.19714695E-03
         285   1.29444769E-03
         286   1.28318160E-03
         287   1.22711994E-03
         288   1.40509242E-03
         289   1.32401276E-03
         290   1.30406278E-03
         291   1.43788231E-03
         292   1.16571435E-03
         293   1.41255872E-03
         294   1.18670985E-03
         295   1.21189386E-03
         296   1.08004163E-03
         297   1.11284375E-03
         298   1.31040649E-03
         299   1.12100458E-03
         300   1.13132398E-03
         301   1.12625770E-03
         302   1.30043610E-03
         303   1.16030080E-03
         304   1.14334852E-03
         305   1.28625438E-03
         306   9.88317071E-04
         307   1.15547527E-03
         308   1.06024439E-03
         309   1.22016307E-03
         310   1.25094492E-03
         311   1.23119401E-03
         312   1.09543279E-03
         313   1.02337881E-03
         314   1.02550513E-03
         315   1.34166400E-03
         316   1.07301446E-03
         317   1.20096316E-03
         318   1.21514173E-03
         319   1.32667774E-03
         320   1.29171775E-03
         321   1.43307785E-03
         322   1.49456970E-03
         323   1.44894735E-03
         324   1.09990221E-03
         325   1.32925180E-03
         326   1.17627881E-03
         327   1.40687008E-03
         328   1.31827395E-03
         329   1.04449049E-03
         330   1.39155763E-03
         331   1.36196043E-03
         332   8.86542141E-04
         333   1.18028489E-03
         334   1.35623012E-03
         335   1.36591448E-03
         336   1.03486388E-03
         337   1.36601855E-03
         338   1.22446357E-03
         339   1.05987873E-03
         340   1.17037108E-03
         341   1.07860495E-03
         342   1.15867064E-03
         343   1.07642577E-03
         344   1.33500982E-03
         345   1.31547253E-03
         346   1.21470005E-03
         347   1.20699953E-03
         348   9.79472185E-04
         349   1.02653098E-03
         350   1.13824871E-03
         351   1.18003844E-03
         352   1.10437919E-03
         353   9.39844816E-04
         354   1.25153398E-03
         355   1.14082289E-03
         356   1.17618521E-03
         357   1.33476418E-03
         358   1.16264937E-03
         359   1.06011308E-03
         360   1.27776945E-03
         361   1.17295480E-03
         362   1.18974713E-03
         363   1.28712901E-03
         364   1.11064687E-03
         365   1.03097572E-03
         366   1.23403966E-03
         367   8.81835062E-04
         368   1.41926145E-03
         369   1.40651187E-03
         370   1.18812302E-03
         371   1.13323075E-03
         372   1.12555141E-03
         373   1.34524179E-03
         374   9.72693088E-04
         375   7.38107890E-04
         376   9.27913003E-04
         377   1.13597268E-03
         378   1.05704670E-03
         379   1.17580290E-03
         380   7.98665104E-04
         381   1.12564466E-03
         382   8.39118788E-04
         383   1.22429698E-03
         384   1.09613896E-03
         385   1.20180740E-03
         386   1.19508919E-03
         387   1.02114456E-03
         388   1.28356053E-03
         389   1.35088735E-03
         390   1.35044334E-03
         391   1.09909452E-03
         392   1.13370700E-03
         393   1.15571183E-03
         394   1.21304265E-03
         395   8.28400662E-04
         396   6.93177804E-04
         397   1.16253272E-03
         398   1.44773209E-03
         399   1.18837028E-03
         400   1.18874921E-03
         401   1.11374003E-03
         402   1.09598972E-03
         403   1.06103776E-03
         404   8.59492633E-04
         405   1.40168727E-03
         406   1.35874469E-03
         407   9.96025978E-04
         408   1.18296477E-03
         409   1.15229608E-03
         410   1.21355953E-03
         411   1.13966851E-03
         412   1.19633682E-03
         413   1.40146830E-03
         414   1.19329127E-03
         415   1.08888047E-03
         416   1.10539037E-03
         417   1.00205024E-03
         418   1.21846527E-03
         419   1.07415637E-03
         420   1.10371097E-03
         421   1.15056837E-03
         422   1.08223176E-03
         423   1.15623674E-03
         424   1.20400963E-03
         425   1.17984728E-03
         426   9.03020555E-04
         427   1.15110271E-03
         428   1.17415399E-03
         429   1.13331212E-03
         430   1.26267795E-03
         431   1.18902454E-03
         432   1.13291503E-03
         433   1.27500203E-03
         434   1.15442753E-03
         435   1.03583001E-03
         436   1.15303008E-03
         437   1.34829618E-03
         438   1.00840523E-03
         439   1.28770876E-03
         440   1.23797299E-03
         441   1.27532252E-03
         442   8.90195661E-04
         443   1.00096560E-03
         444   1.22936186E-03
         445   1.36722717E-03
         446   1.23111252E-03
         447   1.07515743E-03
         448   9.86441621E-04
         449   1.07590458E-03
         450   1.14697986E-03
         451   1.15851755E-03
         452   1.40180008E-03
         453   1.22358883E-03
         454   1.15041819E-03
         455   1.23394199E-03
         456   1.23653130E-03
         457   1.08051521E-03
         458   1.01853686E-03
         459   1.03046559E-03
         460   9.56108794E-04
         461   1.35956460E-03
         462   1.35767017E-03
         463   1.30572752E-03
         464   1.24634476E-03
         465   1.39597745E-03
         466   1.04445021E-03
         467   1.37684355E-03
         468   1.27768237E-03
         469   1.04894186E-03
         470   1.11916976E-03
         471   1.08415249E-03
         472   1.34722481E-03
         473   1.18599611E-03
         474   1.08838652E-03
         475   1.04346487E-03
         476   1.36165472E-03
         477   1.20073010E-03
         478   8.99462844E-04
         479   1.26535411E-03
         480   1.11404189E-03
         481   1.34992169E-03
         482   1.26238633E-03
         483   9.99985379E-04
         484   9.82658938E-04
         485   1.30467594E-03
         486   1.22003420E-03
         487   1.25134527E-03
         488   1.38282846E-03
         489   1.08000007E-03
         490   6.74383016E-04
         491   1.04926666E-03
         492   1.02547533E-03
         493   1.47712091E-03
         494   1.18276384E-03
         495   1.36209209E-03
         496   1.09610311E-03
         497   1.00565562E-03
         498   1.18427502E-03
         499   1.22917199E-03
         500   1.10993139E-03
         501   1.06179889E-03
         502   1.37347530E-03
         503   1.21550844E-03
         504   1.06247782E-03
         505   9.23585962E-04
         506   1.09641114E-03
         507   1.04681356E-03
         508   1.10223750E-03
         509   1.23500114E-03
         510   1.04152563E-03
         511   9.75773437E-04
         512   8.40498484E-04
         513   1.17640023E-03
         514   1.07887550E-03
         515   8.83430999E-04
         516   9.91528155E-04
         517   1.20732712E-03
         518   1.45888806E-03
         519   1.37583131E-03
         520   9.55167692E-04
         521   1.14469638E-03
         522   1.19487476E-03
         523   1.17449847E-03
         524   1.16927398E-03
         525   9.93063324E-04
         526   1.32025033E-03
         527   1.23328436E-03
         528   1.04469166E-03
         529   1.22396962E-03
         530   1.00429635E-03
         531   1.11623504E-03
         532   1.08259532E-03
         533   1.11921993E-03
         534   1.12106511E-03
         535   1.16405741E-03
         536   1.22770621E-03
         537   8.11559905E-04
         538   1.33101922E-03
         539   1.27545220E-03
         540   1.31402165E-03
         541   1.25889841E-03
         542   8.97203980E-04
         543   1.15986192E-03
         544   1.13187393E-03
         545   1.01742335E-03
         546   1.44647132E-03
         547   1.27904047E-03
         548   1.25976361E-03
         549   8.86165188E-04
         550   1.15688215E-03
         551   1.25541724E-03
         552   1.09635072E-03
         553   1.43253116E-03
         554   9.91364825E-04
         555   1.25592493E-03
         556   1.11179543E-03
         557   1.10846665E-03
         558   1.27280585E-03
         559   1.04322762E-03
         560   1.02912821E-03
         561   1.19855930E-03
         562   1.40717218E-03
         563   1.07812090E-03
         564   1.10415695E-03
         565   1.03238563E-03
         566   1.26588356E-03
         567   1.17379869E-03
         568   1.22612040E-03
         569   1.20446156E-03
         570   1.25254842E-03
         571   1.43606414E-03
         572   1.37475727E-03
         573   1.27031049E-03
         574   1.25640607E-03
         575   1.22385204E-03
         576   1.18826411E-03
         577   1.12120830E-03
         578   1.21402950E-03
         579   1.10478047E-03
         580   1.22514076E-03
         581   1.41981465E-03
         582   1.19963940E-03
         583   1.49396947E-03
         584   1.07353542E-03
         585   1.32952235E-03
         586   1.03333720E-03
         587   1.18565036E-03
         588   1.18913630E-03
         589   1.35084661E-03
         590   1.46496098E-03
         591   1.26101216E-03
         592   1.27493939E-03
         593   1.10725826E-03
         594   1.06935331E-03
         595   1.21836911E-03
         596   1.50262832E-03
         597   1.40235282E-03
         598   1.22137903E-03
         599   1.46271114E-03
         600   1.21661089E-03
         601   1.28895964E-03
         602   1.06998952E-03
         603   1.13069487E-03
         604   1.22895010E-03
         605   1.21669914E-03
         606   1.03733793E-03
         607   1.37476658E-03
         608   1.42683520E-03
         609   1.50917727E-03
         610   1.38328306E-03
         611   9.56751930E-04
         612   8.02691386E-04
         613   1.04917958E-03
         614   1.21422869E-03
         615   1.23290648E-03
         616   1.12073659E-03
         617   1.23602629E-03
         618   1.10268069E-03
         619   1.40782644E-03
         620   1.30402180E-03
         621   1.33373984E-03
         622   1.24816329E-03
         623   9.79321194E-04
         624   1.13305380E-03
         625   1.21577841E-03
         626   1.25885801E-03
         627   1.16812391E-03
         628   1.05719955E-03
         629   1.35054090E-03
         630   1.42198883E-03
         631   9.89736989E-04
         632   1.10962219E-03
         633   1.13198801E-03
         634   1.07350375E-03
         635   1.22354401E-03
         636   1.12628017E-03
         637   1.33599050E-03
         638   1.42804836E-03
         639   1.09779194E-03
         640   1.18563720E-03
         641   9.77806048E-04
         642   1.40643003E-03
         643   1.07273483E-03
         644   1.00128574E-03
         645   1.14923087E-03
         646   1.42318697E-03
         647   1.20059657E-03
         648   9.04477201E-04
         649   1.18934829E-03
         650   1.25459640E-03
         651   1.38588180E-03
         652   1.16707035E-03
         653   1.18135021E-03
         654   1.09226280E-03
         655   1.11846696E-03
         656   8.15821055E-04
         657   1.28889352E-03
         658   1.34819665E-03
         659   9.33421194E-04
         660   1.03675027E-03
         661   8.77861108E-04
         662   1.10140699E-03
         663   1.26670476E-03
         664   1.13404065E-03
         665   1.37739338E-03
         666   1.22846756E-03
         667   9.96689312E-04
         668   1.11052452E-03
         669   8.93447839E-04
         670   1.17725180E-03
         671   1.01752765E-03
         672   1.36627280E-03
         673   1.06343057E-03
         674   1.10292283E-03
         675   1.08270056E-03
         676   1.08044955E-03
         677   1.05283409E-03
         678   9.89340828E-04
         679   1.23635074E-03
         680   1.18684047E-03
         681   1.40173105E-03
         682   9.74087801E-04
         683   1.39559107E-03
         684   9.37938923E-04
         685   1.11836859E-03
         686   1.12045894E-03
         687   1.50892942E-03
         688   1.45234808E-03
         689   1.17169332E-03
         690   8.79414845E-04
         691   8.31772631E-04
         692   1.14856288E-03
         693   1.07401353E-03
         694   1.20752433E-03
         695   1.03162532E-03
         696   1.34080101E-03
         697   1.24688610E-03
         698   1.43577799E-03
         699   1.34291768E-03
         700   1.11394888E-03
         701   1.20272895E-03
         702   1.07917213E-03
         703   1.09909219E-03
         704   9.94308270E-04
         705   9.75585543E-04
         706   1.03586994E-03
         707   1.10865815E-03
         708   1.20701524E-03
         709   1.44950557E-03
         710   9.41962819E-04
         711   1.16702123E-03
         712   1.09907426E-03
         713   1.17829582E-03
         714   1.10884383E-03
         715   1.13724067E-03
         716   1.26944156E-03
         717   1.01771858E-03
         718   1.23643770E-03
         719   1.09473022E-03
         720   8.42036214E-04
         721   9.97015391E-04
         722   9.70872992E-04
         723   1.27737015E-03
         724   1.12746586E-03
         725   1.09558494E-03
         726   1.23252277E-03
         727   1.11455366E-03
         728   1.28271349E-03
         729   1.31532783E-03
         730   1.39847980E-03
         731   1.22047053E-03
         732   1.14628568E-03
         733   1.20975182E-03
         734   1.10019976E-03
         735   1.03009935E-03
         736   1.01226848E-03
         737   8.44207010E-04
         738   1.17498741E-03
         739   1.41296163E-03
         740   1.24278746E-03
         741   1.01157918E-03
         742   1.08805613E-03
         743   9.61014593E-04
         744   9.27455898E-04
         745   1.17711909E-03
         746   1.25010347E-03
         747   1.13476673E-03
         748   1.12333999E-03
         749   1.24829449E-03
         750   1.29309867E-03
         751   1.23757450E-03
         752   1.35405490E-03
         753   1.12548424E-03
         754   9.75641189E-04
         755   7.74881395E-04
         756   1.17471651E-03
         757   1.02096563E-03
         758   1.02111092E-03
         759   1.08764088E-03
         760   1.02528662E-03
         761   9.52940492E-04
         762   1.10894558E-03
         763   1.14219473E-03
         764   1.10157614E-03
         765   1.24771078E-03
         766   1.19866256E-03
         767   1.05620001E-03
         768   1.25039078E-03
         769   1.18173996E-03
         770   1.37605879E-03
         771   1.11861306E-03
         772   1.17282290E-03
         773   1.06664177E-03
         774   1.24694139E-03
         775   1.20345736E-03
         776   1.30107929E-03
         777   1.20287621E-03
         778   1.38177385E-03
         779   1.11165794E-03
         780   1.20261370E-03
         781   1.09324779E-03
         782   1.34881458E-03
         783   1.36201282E-03
         784   1.18499959E-03
         785   1.29263848E-03
         786   1.41365372E-03
         787   1.19684404E-03
         788   1.11190684E-03
         789   1.09344453E-03
         790   1.29183580E-03
         791   1.23152125E-03
         792   1.46237109E-03
         793   1.40414096E-03
         794   1.13600085E-03
         795   1.21556118E-03
         796   1.32332859E-03
         797   1.20189390E-03
         798   1.36371260E-03
         799   1.15586049E-03
         800   1.21874071E-03
         801   1.19436102E-03
         802   1.30457210E-03
         803   1.16065855E-03
         804   9.46057495E-04
         805   1.06758380E-03
         806   1.25354133E-03
         807   9.87394131E-04
         808   1.30574789E-03
         809   1.13267964E-03
         810   1.24002155E-03
         811   1.19769154E-03
         812   8.36725754E-04
         813   1.21352845E-03
         814   1.21985085E-03
         815   1.18097477E-03
         816   1.19846629E-03
         817   1.31966337E-03
         818   1.19262049E-03
         819   1.10676268E-03
         820   1.36875664E-03
         821   1.13425683E-03
         822   1.58362091E-03
         823   1.20475260E-03
         824   1.17057085E-03
         825   1.07849890E-03
         826   1.40554376E-03
         827   1.22824812E-03
         828   1.00000273E-03
         829   1.21657376E-03
         830   1.30000210E-03
         831   1.09486782E-03
         832   1.05423655E-03
         833   1.32063718E-03
         834   1.32903503E-03
         835   1.22135540E-03
         836   1.31036225E-03
         837   1.32300903E-03
         838   1.40326656E-03
         839   1.16577069E-03
         840   1.01199339E-03
         841   1.24138210E-03
         842   1.36310165E-03
         843   1.23803713E-03
         844   1.23798021E-03
         845   1.09398435E-03
         846   1.34790002E-03
         847   1.17788999E-03
         848   1.16698153E-03
         849   1.32783118E-03
         850   1.20411208E-03
         851   1.17435970E-03
         852   1.26726471E-03
         853   1.12728321E-03
         854   1.40834088E-03
         855   1.37131673E-03
         856   1.29117398E-03
         857   1.42909191E-03
         858   1.14617788E-03
         859   1.32320542E-03
         860   1.23377412E-03
         861   1.06462464E-03
         862   9.93765658E-04
         863   1.22140173E-03
         864   1.21655152E-03
         865   1.15739135E-03
         866   1.14510453E-03
         867   1.31767022E-03
         868   1.23988872E-03
         869   1.34487264E-03
         870   1.30290620E-03
         871   1.32302498E-03
         872   1.16994721E-03
         873   1.32698845E-03
         874   1.10394869E-03
         875   1.08769641E-03
         876   1.16461015E-03
         877   1.29929336E-03
         878   1.13745348E-03
         879   1.03783235E-03
         880   1.23989652E-03
         881   1.15068990E-03
         882   1.31455646E-03
         883   1.26540149E-03
         884   1.31110800E-03
         885   1.17124757E-03
         886   1.09671755E-03
         887   1.26959907E-03
         888   1.26417691E-03
         889   1.15069479E-03
         890   1.09186850E-03
         891   9.04825167E-04
         892   1.01213565E-03
         893   1.30448095E-03
         894   1.09098875E-03
         895   1.11597357E-03
         896   1.11785426E-03
         897   1.16116076E-03
         898   1.15438423E-03
         899   1.20305724E-03
         900   8.46130017E-04
         901   1.35304930E-03
         902   1.15856924E-03
         903   1.25356193E-03
         904   1.23316667E-03
         905   1.32596109E-03
         906   1.31385727E-03
         907   1.17107038E-03
         908   1.14299741E-03
         909   9.39638878E-04
         910   1.11821131E-03
         911   1.06853922E-03
         912   1.24464161E-03
         913   1.05206273E-03
         914   1.16198289E-03
         915   1.00699521E-03
         916   1.23394514E-03
         917   1.22042769E-03
         918   1.15922175E-03
         919   1.20550091E-03
         920   1.16211630E-03
         921   1.03762792E-03
         922   1.35394849E-03
         923   1.10656011E-03
         924   9.94473114E-04
         925   1.25483552E-03
         926   1.00110320E-03
         927   1.23705377E-03
         928   9.27242101E-04
         929   1.07051258E-03
         930   1.30953232E-03
         931   1.15729857E-03
         932   1.22577837E-03
         933   1.43585366E-03
         934   1.08031032E-03
         935   1.10992603E-03
         936   1.20358635E-03
         937   1.20163651E-03
         938   1.07605965E-03
         939   9.88508924E-04
         940   1.44925260E-03
         941   1.15513057E-03
         942   1.12586189E-03
         943   1.34274468E-03
         944   1.34874205E-03
         945   1.15119235E-03
         946   1.22037018E-03
         947   1.35291868E-03
         948   1.26721023E-03
         949   1.09797704E-03
         950   1.28360570E-03
         951   1.33359910E-03
         952   1.22049800E-03
         953   1.25813275E-03
         954   1.22297043E-03
         955   1.10103667E-03
         956   1.15977600E-03
         957   1.34187716E-03
         958   1.19984394E-03
         959   1.15362450E-03
         960   1.16254855E-03
         961   1.32162077E-03
         962   1.34831457E-03
         963   1.32118072E-03
         964   1.09810464E-03
         965   1.18562614E-03
         966   1.20827812E-03
         967   1.08973589E-03
         968   1.16691238E-03
         969   1.21965900E-03
         970   1.22481526E-03
         971   1.16637489E-03
         972   1.19768246E-03
         973   1.13960169E-03
         974   1.21844525E-03
         975   1.16031524E-03
         976   9.72255424E-04
         977   1.24939193E-03
         978   1.35775283E-03
         979   7.10224675E-04
         980   1.24966039E-03
         981   1.21680612E-03
         982   1.26575283E-03
         983   1.17860304E-03
         984   1.10752031E-03
         985   1.35891861E-03
         986   1.08269812E-03
         987   1.41340971E-03
         988   1.24234031E-03
         989   1.26226014E-03
         990   1.03836681E-03
         991   1.00837101E-03
         992   1.20454154E-03
         993   1.24101888E-03
         994   1.04047765E-03
         995   1.25748618E-03
         996   1.24218734E-03
         997   1.14509300E-03
         998   1.07986247E-03
         999   7.94528460E-04
        1000   1.18169258E-03
